{
  "nbformat": 4,
  "nbformat_minor": 0,
  "metadata": {
    "colab": {
      "name": "PCA.ipynb",
      "provenance": [],
      "collapsed_sections": []
    },
    "kernelspec": {
      "name": "python3",
      "display_name": "Python 3"
    },
    "language_info": {
      "name": "python"
    }
  },
  "cells": [
    {
      "cell_type": "markdown",
      "source": [
        "#NHANES"
      ],
      "metadata": {
        "id": "OvBJjr4EjhB4"
      }
    },
    {
      "cell_type": "code",
      "source": [
        "import matplotlib.pyplot as plt\n",
        "import matplotlib as mpl\n",
        "import numpy as np\n",
        "import pandas as pd\n",
        "import seaborn as sns\n",
        "from sklearn.preprocessing import StandardScaler\n",
        "from sklearn.preprocessing import MinMaxScaler \n",
        "from sklearn.decomposition import PCA\n",
        "from sklearn.model_selection import train_test_split\n",
        "%matplotlib inline\n",
        "\n",
        "url_df = \"https://raw.githubusercontent.com/AngelaBurgaleta/TFM_NHANES/main/dataframe_limpio/df.csv\"\n",
        "\n",
        "df_original = pd.read_csv(url_df)\n",
        "df = df_original\n",
        "df_corr = df_original\n",
        "df_corr = df_corr.drop(columns=['SEQN', 'REQ1', 'REQ2', 'REQ3', 'REQ4', 'REQ5', 'Unnamed: 0', 'Unnamed: 0.1'])\n",
        "\n",
        "X = df.drop(columns=['SEQN', 'MET_SYM', 'REQ1', 'REQ2', 'REQ3', 'REQ4', 'REQ5', 'Unnamed: 0', 'Unnamed: 0.1'])\n",
        "y = df['MET_SYM']"
      ],
      "metadata": {
        "id": "Apuo_mc-kTn6"
      },
      "execution_count": 31,
      "outputs": []
    },
    {
      "cell_type": "code",
      "source": [
        "#LO INTRERESANTE\n",
        "\n",
        "#1. NORMALIZACION\n",
        "scaler = StandardScaler()\n",
        "X_scaled = scaler.fit_transform(X)\n",
        "X_scaled\n",
        "\n",
        "#2. PCA\n",
        "#2.1 99% de variabilidad de los datos\n",
        "pca = PCA(0.99)\n",
        "X_pca = pca.fit_transform(X)\n",
        "X_pca.shape\n",
        "\n",
        "#2.2 fijando n_components\n",
        "#2.2.1 primero ploteamos\n",
        "pca = PCA().fit(X_scaled)\n",
        "plt.plot(np.cumsum(pca.explained_variance_ratio_))\n",
        "plt.xlabel('number of components')\n",
        "plt.ylabel('cumulative explained variance')\n",
        "plt.grid()\n",
        "plt.show()\n",
        "#vamos a seleccionar n_components = 16\n",
        "#Seleccionamos tambien 5\n",
        "#Seleccionamos tambien 21\n",
        "\n",
        "#2.2.2 despues fijamos componentes\n",
        "pca = PCA(n_components=15)\n",
        "X_pca = pca.fit_transform(X)\n",
        "X_pca.shape\n",
        "\n",
        "# 3. Separar datos en train, test, entrada y salida despues del PCA\n",
        "X_train_pca, X_test_pca, y_train, y_test = train_test_split(X_pca, y, test_size=0.2, random_state=30)\n",
        "\n"
      ],
      "metadata": {
        "id": "X9bUN9lBEkaK"
      },
      "execution_count": null,
      "outputs": []
    },
    {
      "cell_type": "markdown",
      "source": [
        "##Normalización y X_train x_test"
      ],
      "metadata": {
        "id": "uKkyMLgQsX-5"
      }
    },
    {
      "cell_type": "code",
      "source": [
        "#normalización\n",
        "scaler = StandardScaler()\n",
        "X_scaled = scaler.fit_transform(X)\n",
        "X_scaled\n",
        "\n"
      ],
      "metadata": {
        "colab": {
          "base_uri": "https://localhost:8080/"
        },
        "id": "uhz-XwMksbY3",
        "outputId": "a4ca5875-b2de-40cf-dc84-d028ec9f63cd"
      },
      "execution_count": 40,
      "outputs": [
        {
          "output_type": "execute_result",
          "data": {
            "text/plain": [
              "array([[-3.80018104e-01, -4.91140406e-01, -5.88515077e-01, ...,\n",
              "         1.92391109e-04, -2.76696336e-01,  7.15452516e-01],\n",
              "       [-3.80018104e-01, -4.91140406e-01, -5.88515077e-01, ...,\n",
              "         1.92391109e-04, -2.76696336e-01, -1.10331985e+00],\n",
              "       [-3.80018104e-01, -4.91140406e-01, -5.88515077e-01, ...,\n",
              "         1.92391109e-04, -2.76696336e-01, -1.54596159e+00],\n",
              "       ...,\n",
              "       [-3.80018104e-01, -4.91140406e-01, -5.88515077e-01, ...,\n",
              "        -4.72895257e-01,  1.92700896e+00,  3.67227197e-01],\n",
              "       [-3.80018104e-01, -4.91140406e-01, -5.88515077e-01, ...,\n",
              "        -5.05883936e-01, -2.76696336e-01,  6.05743282e-01],\n",
              "       [-3.80018104e-01, -4.91140406e-01, -5.88515077e-01, ...,\n",
              "         1.92391109e-04, -2.76696336e-01, -1.39179742e+00]])"
            ]
          },
          "metadata": {},
          "execution_count": 40
        }
      ]
    },
    {
      "cell_type": "code",
      "source": [
        "X_train, X_test, y_train, y_test = train_test_split(X_scaled, y, test_size=0.2, random_state=30)"
      ],
      "metadata": {
        "id": "kjc4tlwvsjA_"
      },
      "execution_count": 41,
      "outputs": []
    },
    {
      "cell_type": "code",
      "source": [
        "X_train"
      ],
      "metadata": {
        "colab": {
          "base_uri": "https://localhost:8080/"
        },
        "id": "j9oToVVZDz8A",
        "outputId": "bbfc6ee7-1a3f-4243-ad8c-9834384c1d96"
      },
      "execution_count": 47,
      "outputs": [
        {
          "output_type": "execute_result",
          "data": {
            "text/plain": [
              "array([[ 1.27708478e+00, -4.91140406e-01,  6.15464531e-01, ...,\n",
              "         1.37395306e-01, -2.76696336e-01,  4.91676268e-01],\n",
              "       [-3.80018104e-01, -4.91140406e-01,  6.15464531e-01, ...,\n",
              "         1.92391109e-04, -2.76696336e-01,  2.47842654e-01],\n",
              "       [-3.80018104e-01, -4.91140406e-01, -5.88515077e-01, ...,\n",
              "        -1.63251519e-01, -2.76696336e-01, -1.13519662e+00],\n",
              "       ...,\n",
              "       [ 4.59129055e+00, -4.91140406e-01,  3.02342375e+00, ...,\n",
              "        -2.74213440e-01, -2.76696336e-01,  7.93851705e-01],\n",
              "       [-3.80018104e-01, -4.91140406e-01, -5.88515077e-01, ...,\n",
              "        -6.02600745e-01, -2.76696336e-01,  5.45292387e-01],\n",
              "       [-3.80018104e-01, -4.91140406e-01, -5.88515077e-01, ...,\n",
              "         3.39825837e-01, -2.76696336e-01,  1.24254948e+00]])"
            ]
          },
          "metadata": {},
          "execution_count": 47
        }
      ]
    },
    {
      "cell_type": "code",
      "source": [
        "X_train.shape\n",
        "X_train = X_train.to_csv(\"X_train.csv\")"
      ],
      "metadata": {
        "colab": {
          "base_uri": "https://localhost:8080/",
          "height": 182
        },
        "id": "_uVwHPr5C7kI",
        "outputId": "e55eff10-1273-47c0-b7b6-250738411222"
      },
      "execution_count": 46,
      "outputs": [
        {
          "output_type": "error",
          "ename": "AttributeError",
          "evalue": "ignored",
          "traceback": [
            "\u001b[0;31m---------------------------------------------------------------------------\u001b[0m",
            "\u001b[0;31mAttributeError\u001b[0m                            Traceback (most recent call last)",
            "\u001b[0;32m<ipython-input-46-81c9b4a9d2d4>\u001b[0m in \u001b[0;36m<module>\u001b[0;34m()\u001b[0m\n\u001b[1;32m      1\u001b[0m \u001b[0mX_train\u001b[0m\u001b[0;34m.\u001b[0m\u001b[0mshape\u001b[0m\u001b[0;34m\u001b[0m\u001b[0;34m\u001b[0m\u001b[0m\n\u001b[0;32m----> 2\u001b[0;31m \u001b[0mX_train\u001b[0m \u001b[0;34m=\u001b[0m \u001b[0mX_train\u001b[0m\u001b[0;34m.\u001b[0m\u001b[0mto_csv\u001b[0m\u001b[0;34m(\u001b[0m\u001b[0;34m\"X_train.csv\"\u001b[0m\u001b[0;34m)\u001b[0m\u001b[0;34m\u001b[0m\u001b[0;34m\u001b[0m\u001b[0m\n\u001b[0m",
            "\u001b[0;31mAttributeError\u001b[0m: 'numpy.ndarray' object has no attribute 'to_csv'"
          ]
        }
      ]
    },
    {
      "cell_type": "code",
      "source": [
        "X_test.shape"
      ],
      "metadata": {
        "colab": {
          "base_uri": "https://localhost:8080/"
        },
        "id": "AuaD3hfOC-y-",
        "outputId": "b1e5fe74-6f2f-4499-c919-19f4d1286153"
      },
      "execution_count": 43,
      "outputs": [
        {
          "output_type": "execute_result",
          "data": {
            "text/plain": [
              "(4736, 30)"
            ]
          },
          "metadata": {},
          "execution_count": 43
        }
      ]
    },
    {
      "cell_type": "code",
      "source": [
        "pca = PCA(0.99)\n",
        "X_pca = pca.fit_transform(X)\n",
        "X_pca.shape"
      ],
      "metadata": {
        "colab": {
          "base_uri": "https://localhost:8080/"
        },
        "id": "CrdaGGGqsvze",
        "outputId": "8826ea6f-48e0-4cb3-990e-3807859078d9"
      },
      "execution_count": 48,
      "outputs": [
        {
          "output_type": "execute_result",
          "data": {
            "text/plain": [
              "(23678, 5)"
            ]
          },
          "metadata": {},
          "execution_count": 48
        }
      ]
    },
    {
      "cell_type": "code",
      "source": [
        "X_pca"
      ],
      "metadata": {
        "colab": {
          "base_uri": "https://localhost:8080/"
        },
        "id": "1vVdFaBsEA48",
        "outputId": "d9c94562-3000-427c-a4f5-c43776e9dc50"
      },
      "execution_count": 49,
      "outputs": [
        {
          "output_type": "execute_result",
          "data": {
            "text/plain": [
              "array([[ 25.08365718, -16.31557315,   6.9822731 ,  -3.05658731,\n",
              "          1.482731  ],\n",
              "       [-15.13112865,  14.02135034, -15.0503889 ,  11.00602171,\n",
              "         -0.38115917],\n",
              "       [-35.06745   ,   2.51652112,  -9.12666893,  10.64062587,\n",
              "          0.92320628],\n",
              "       ...,\n",
              "       [  8.21639468,  20.1250357 ,  -9.18986753,  -7.59740663,\n",
              "         -0.89588283],\n",
              "       [ 27.00881374,  -7.47628507,  -3.98504615,  -5.32197251,\n",
              "         -3.70591369],\n",
              "       [-27.36171026,   5.55503015, -11.15227817,  11.00573571,\n",
              "          0.75001974]])"
            ]
          },
          "metadata": {},
          "execution_count": 49
        }
      ]
    },
    {
      "cell_type": "code",
      "source": [
        "pca.explained_variance_ratio_"
      ],
      "metadata": {
        "colab": {
          "base_uri": "https://localhost:8080/"
        },
        "id": "IaG3PHNrskmP",
        "outputId": "5d950ee9-4c8a-4825-da85-abb93ed95848"
      },
      "execution_count": 50,
      "outputs": [
        {
          "output_type": "execute_result",
          "data": {
            "text/plain": [
              "array([0.5779651 , 0.1878457 , 0.13243922, 0.08877265, 0.00650553])"
            ]
          },
          "metadata": {},
          "execution_count": 50
        }
      ]
    },
    {
      "cell_type": "code",
      "source": [
        "pca.n_components_"
      ],
      "metadata": {
        "colab": {
          "base_uri": "https://localhost:8080/"
        },
        "id": "F2oe84gLs414",
        "outputId": "8b11ce2f-f80a-4d7f-fbb9-cfea946e6f3f"
      },
      "execution_count": 51,
      "outputs": [
        {
          "output_type": "execute_result",
          "data": {
            "text/plain": [
              "5"
            ]
          },
          "metadata": {},
          "execution_count": 51
        }
      ]
    },
    {
      "cell_type": "code",
      "source": [
        "X_pca"
      ],
      "metadata": {
        "colab": {
          "base_uri": "https://localhost:8080/"
        },
        "id": "rRZPjtETtAtt",
        "outputId": "dbc585ee-f18e-44b2-9e56-2705154ad7ee"
      },
      "execution_count": 52,
      "outputs": [
        {
          "output_type": "execute_result",
          "data": {
            "text/plain": [
              "array([[ 25.08365718, -16.31557315,   6.9822731 ,  -3.05658731,\n",
              "          1.482731  ],\n",
              "       [-15.13112865,  14.02135034, -15.0503889 ,  11.00602171,\n",
              "         -0.38115917],\n",
              "       [-35.06745   ,   2.51652112,  -9.12666893,  10.64062587,\n",
              "          0.92320628],\n",
              "       ...,\n",
              "       [  8.21639468,  20.1250357 ,  -9.18986753,  -7.59740663,\n",
              "         -0.89588283],\n",
              "       [ 27.00881374,  -7.47628507,  -3.98504615,  -5.32197251,\n",
              "         -3.70591369],\n",
              "       [-27.36171026,   5.55503015, -11.15227817,  11.00573571,\n",
              "          0.75001974]])"
            ]
          },
          "metadata": {},
          "execution_count": 52
        }
      ]
    },
    {
      "cell_type": "code",
      "source": [
        "X_train_pca, X_test_pca, y_train, y_test = train_test_split(X_pca, y, test_size=0.2, random_state=30)"
      ],
      "metadata": {
        "id": "7OcEKfu_tFCP"
      },
      "execution_count": 26,
      "outputs": []
    },
    {
      "cell_type": "code",
      "source": [
        "model = LogisticRegression(max_iter=1000)\n",
        "model.fit(X_train_pca, y_train)\n",
        "model.score(X_test_pca, y_test)"
      ],
      "metadata": {
        "colab": {
          "base_uri": "https://localhost:8080/"
        },
        "id": "7Y8V4JA2tHvW",
        "outputId": "8397ce46-4760-4a9e-fb79-7b011b9678fa"
      },
      "execution_count": 27,
      "outputs": [
        {
          "output_type": "execute_result",
          "data": {
            "text/plain": [
              "0.8285472972972973"
            ]
          },
          "metadata": {},
          "execution_count": 27
        }
      ]
    },
    {
      "cell_type": "code",
      "source": [
        "pca = PCA(n_components=15)\n",
        "X_pca = pca.fit_transform(X)\n",
        "X_pca.shape"
      ],
      "metadata": {
        "colab": {
          "base_uri": "https://localhost:8080/"
        },
        "id": "sxYwHJ5itMkw",
        "outputId": "51f1e152-da23-491c-fcc7-e761271a678e"
      },
      "execution_count": 29,
      "outputs": [
        {
          "output_type": "execute_result",
          "data": {
            "text/plain": [
              "(23678, 15)"
            ]
          },
          "metadata": {},
          "execution_count": 29
        }
      ]
    },
    {
      "cell_type": "code",
      "source": [
        "X_train_pca, X_test_pca, y_train, y_test = train_test_split(X_pca, y, test_size=0.2, random_state=30)\n",
        "\n",
        "model = LogisticRegression(max_iter=1000)\n",
        "model.fit(X_train_pca, y_train)\n",
        "model.score(X_test_pca, y_test)"
      ],
      "metadata": {
        "colab": {
          "base_uri": "https://localhost:8080/"
        },
        "id": "SkgSIWjotUmn",
        "outputId": "736852d2-8697-426f-c499-dc8fa6411bb6"
      },
      "execution_count": 54,
      "outputs": [
        {
          "output_type": "execute_result",
          "data": {
            "text/plain": [
              "0.8285472972972973"
            ]
          },
          "metadata": {},
          "execution_count": 54
        }
      ]
    },
    {
      "cell_type": "markdown",
      "source": [
        "##Autovectores y autovalores\n",
        "\n",
        "los autovectores son las direcciones en las que la varianza de los datos es mayor.  Recordemos que, en teoría de probabilidad, la varianza  de una variable aleatoria es una medida de dispersión (definida como la esperanza del cuadrado de la desviación de dicha variable respecto a su media). Por tanto, las direcciones en las que la varianza es mayor,  representan la esencia principal de la información contenida en el dataset, por eso se les llama componentes principales. Al igual que un autovector es una dirección, el autovalor es un número, que representa el valor de la varianza sobre ese autovector.\n",
        "\n",
        "Si lo que queremos es reducir la dimensionalidad del dataset, perdiendo la menor información posible, descartaremos los autovectores cuyos autovalores sean más bajos, ya que son aquellos que menos información aportan al conjunto global. Para ello, lo que se hace es ordenarlos por parejas de autovector, autovalor."
      ],
      "metadata": {
        "id": "MdywnTapPNtT"
      }
    },
    {
      "cell_type": "code",
      "source": [
        "# Calculamos la matriz de covarianza\n",
        "\n",
        "print('NumPy covariance matrix: \\n%s' %np.cov(X_std.T))"
      ],
      "metadata": {
        "colab": {
          "base_uri": "https://localhost:8080/"
        },
        "id": "swgrV555PYC1",
        "outputId": "b5029827-5210-4094-fafe-28bbe3d2e09a"
      },
      "execution_count": null,
      "outputs": [
        {
          "output_type": "stream",
          "name": "stdout",
          "text": [
            "NumPy covariance matrix: \n",
            "[[ 1.00004224e+00  4.52919452e-01  5.13569668e-01  4.59408468e-01\n",
            "  -1.12743078e-01 -7.19732646e-02 -4.50892388e-02  9.59839232e-02\n",
            "   6.36058364e-02  1.54351190e-01  5.31089863e-02  1.58170600e-01\n",
            "   2.74354213e-01  1.45764577e-01  9.70272164e-02  1.66188951e-01\n",
            "   1.77666216e-01  7.58854630e-02  7.41856246e-02  1.64467823e-01\n",
            "   1.85425807e-01  3.85613531e-02  2.33132414e-01  6.50408902e-02\n",
            "   1.88110646e-01 -1.45362112e-01 -7.13345135e-02  3.45490159e-02\n",
            "   1.03985412e-01  1.56933345e-01]\n",
            " [ 4.52919452e-01  1.00004224e+00  5.82838475e-01  4.47258131e-01\n",
            "  -1.18125347e-01 -2.62118476e-02 -1.27645444e-02  1.14760004e-01\n",
            "   6.53861218e-02  2.03531567e-01  7.65121800e-02  1.86307872e-01\n",
            "   3.90685085e-01  1.33270983e-01  1.41485992e-01  2.09885202e-01\n",
            "   2.28261080e-01  8.76673455e-02  1.02622472e-01  1.80584745e-01\n",
            "   2.14040983e-01  3.43339610e-02  2.07677428e-01  6.69779809e-02\n",
            "   2.33675641e-01 -1.12981126e-01 -5.31370788e-02  3.84993298e-02\n",
            "   1.25669438e-01  1.91222221e-01]\n",
            " [ 5.13569668e-01  5.82838475e-01  1.00004224e+00  4.98035397e-01\n",
            "  -1.23495023e-01 -4.63684325e-03 -1.47510448e-02  1.34794889e-01\n",
            "   6.80694046e-02  2.43289642e-01  9.76625378e-02  2.08148093e-01\n",
            "   3.37728241e-01  1.53372458e-01  1.60672627e-01  2.58542278e-01\n",
            "   2.74903697e-01  9.11933533e-02  1.24960381e-01  2.13287372e-01\n",
            "   2.12159751e-01  1.52558934e-03  2.51819390e-01  1.04381125e-01\n",
            "   2.80619911e-01 -1.13219035e-01 -4.32668775e-02  3.67096700e-02\n",
            "   1.12593691e-01  2.36248187e-01]\n",
            " [ 4.59408468e-01  4.47258131e-01  4.98035397e-01  1.00004224e+00\n",
            "  -8.37109250e-02 -5.38683155e-02 -3.22222565e-02  9.13579488e-02\n",
            "   6.13260819e-02  2.07780208e-01  4.89776835e-02  1.68314209e-01\n",
            "   2.45457342e-01  2.09520482e-01  9.62359883e-02  2.15237735e-01\n",
            "   2.08884785e-01  6.59414261e-02  8.51588314e-02  1.45517273e-01\n",
            "   1.67302459e-01  3.45541517e-02  2.38593344e-01  9.23406715e-02\n",
            "   1.62599697e-01 -1.16377876e-01 -5.94704870e-02  4.64042063e-02\n",
            "   1.02923521e-01  1.93670871e-01]\n",
            " [-1.12743078e-01 -1.18125347e-01 -1.23495023e-01 -8.37109250e-02\n",
            "   1.00004224e+00  1.50878386e-01 -1.72202740e-03 -1.33416059e-01\n",
            "  -2.57858220e-02 -5.84192040e-02 -1.95127825e-01 -7.17898978e-02\n",
            "  -1.43242678e-01  5.18282171e-02 -5.38256932e-02 -7.48594810e-02\n",
            "  -1.29318689e-01  4.47186696e-02  2.02791978e-02 -2.29809213e-01\n",
            "  -1.62315724e-01  4.30030780e-02 -1.05547659e-01  9.94544802e-04\n",
            "  -3.65211638e-01  1.20691010e-01 -5.98623975e-02 -1.47205699e-02\n",
            "   2.92512553e-02 -1.23545140e-01]\n",
            " [-7.19732646e-02 -2.62118476e-02 -4.63684325e-03 -5.38683155e-02\n",
            "   1.50878386e-01  1.00004224e+00  2.42933346e-01  1.95975763e-02\n",
            "  -4.14102996e-02  6.10681949e-02  6.20075753e-02  4.10518098e-02\n",
            "   2.06361581e-02 -1.10594654e-01  1.20305387e-01  2.92932397e-02\n",
            "   5.82336599e-02  4.83541699e-03  5.44185278e-02  4.10836071e-02\n",
            "  -1.91651102e-02 -1.01927478e-01 -1.55589090e-01 -2.46830837e-02\n",
            "   1.49376827e-01  2.44242577e-01  1.62905438e-01 -2.21305325e-02\n",
            "  -3.69611619e-02 -1.95807125e-03]\n",
            " [-4.50892388e-02 -1.27645444e-02 -1.47510448e-02 -3.22222565e-02\n",
            "  -1.72202740e-03  2.42933346e-01  1.00004224e+00  1.93906396e-02\n",
            "  -2.22459688e-02  3.10674883e-02  6.84822443e-02  3.21436878e-02\n",
            "   3.47943568e-02 -7.87393439e-02  5.99786816e-02 -7.09423057e-03\n",
            "   2.78818570e-02 -3.10659120e-03  4.84829251e-02  3.22962188e-02\n",
            "  -1.25104659e-02 -7.83107525e-02 -1.05494032e-01  3.42628543e-03\n",
            "   1.28218336e-01  1.51177802e-01  1.10098342e-01 -2.31621151e-02\n",
            "  -4.13817731e-02 -2.75573224e-03]\n",
            " [ 9.59839232e-02  1.14760004e-01  1.34794889e-01  9.13579488e-02\n",
            "  -1.33416059e-01  1.95975763e-02  1.93906396e-02  1.00004224e+00\n",
            "   1.85838403e-02  2.54708447e-01  1.16616126e-01  2.72432631e-01\n",
            "   1.59402104e-01  3.17742961e-02  9.27133411e-02  2.27111608e-01\n",
            "   2.57215554e-01 -5.27062903e-03  1.83862171e-02  2.93764216e-01\n",
            "   1.26485806e-01 -4.87811554e-02  1.73421064e-01 -1.32079836e-02\n",
            "   3.30166356e-01 -1.14379678e-01  4.49052127e-02  1.10454998e-01\n",
            "  -2.28801501e-02  2.48965379e-01]\n",
            " [ 6.36058364e-02  6.53861218e-02  6.80694046e-02  6.13260819e-02\n",
            "  -2.57858220e-02 -4.14102996e-02 -2.22459688e-02  1.85838403e-02\n",
            "   1.00004224e+00  7.57559302e-02  1.64095937e-02  3.40798788e-02\n",
            "   1.07757464e-01  4.42557428e-02  9.92381130e-03  7.17995480e-02\n",
            "   4.30004875e-02  1.22610443e-02  2.11210164e-02  3.16221540e-02\n",
            "   2.38406950e-02 -1.37029093e-03  5.75673842e-02  1.94273897e-02\n",
            "  -3.22867404e-02  1.43734788e-02  3.22743795e-02  2.60816465e-02\n",
            "  -1.93830904e-03  4.51160526e-02]\n",
            " [ 1.54351190e-01  2.03531567e-01  2.43289642e-01  2.07780208e-01\n",
            "  -5.84192040e-02  6.10681949e-02  3.10674883e-02  2.54708447e-01\n",
            "   7.57559302e-02  1.00004224e+00  9.52416809e-02  2.73759060e-01\n",
            "   2.60794017e-01  1.66349121e-01  1.77070754e-01  6.05699585e-01\n",
            "   5.55001364e-01  8.38272374e-02  1.35009501e-01  3.08539071e-01\n",
            "   1.62241369e-01 -4.07171031e-02  1.91427583e-01  8.61887474e-02\n",
            "   3.03316353e-01 -4.87817378e-02  1.16592450e-02  1.53418714e-01\n",
            "   3.82828626e-02  5.46600941e-01]\n",
            " [ 5.31089863e-02  7.65121800e-02  9.76625378e-02  4.89776835e-02\n",
            "  -1.95127825e-01  6.20075753e-02  6.84822443e-02  1.16616126e-01\n",
            "   1.64095937e-02  9.52416809e-02  1.00004224e+00  7.55214955e-02\n",
            "   1.20539704e-01 -4.79719601e-02  7.65234985e-02  8.03377125e-02\n",
            "   1.30257200e-01  1.25970502e-03  3.92833516e-02  1.91241518e-01\n",
            "   1.33524351e-01 -7.98829477e-02  5.11318502e-02  1.59902595e-02\n",
            "   3.16166070e-01 -9.73318597e-03  6.97495840e-02  1.76555529e-02\n",
            "  -4.04714940e-02  1.10665465e-01]\n",
            " [ 1.58170600e-01  1.86307872e-01  2.08148093e-01  1.68314209e-01\n",
            "  -7.17898978e-02  4.10518098e-02  3.21436878e-02  2.72432631e-01\n",
            "   3.40798788e-02  2.73759060e-01  7.55214955e-02  1.00004224e+00\n",
            "   1.97397202e-01  8.37222715e-02  1.89292124e-01  3.08563998e-01\n",
            "   3.35368344e-01  9.80101306e-02  1.24542706e-01  2.41552008e-01\n",
            "   2.17650280e-01 -2.16744502e-02  1.31409327e-01  4.93432564e-02\n",
            "   3.60577156e-01 -1.27547326e-01 -4.06451557e-02  5.72499348e-02\n",
            "   6.99450987e-02  2.88259001e-01]\n",
            " [ 2.74354213e-01  3.90685085e-01  3.37728241e-01  2.45457342e-01\n",
            "  -1.43242678e-01  2.06361581e-02  3.47943568e-02  1.59402104e-01\n",
            "   1.07757464e-01  2.60794017e-01  1.20539704e-01  1.97397202e-01\n",
            "   1.00004224e+00  8.26242515e-02  1.49173456e-01  2.39544965e-01\n",
            "   2.63144039e-01  6.21720686e-02  1.11728985e-01  2.47748160e-01\n",
            "   2.24803002e-01 -2.89564497e-02  1.70579525e-01  7.34053066e-02\n",
            "   2.93932408e-01 -6.13639513e-02  3.89657830e-02  4.81449704e-02\n",
            "   4.37684766e-02  2.25174408e-01]\n",
            " [ 1.45764577e-01  1.33270983e-01  1.53372458e-01  2.09520482e-01\n",
            "   5.18282171e-02 -1.10594654e-01 -7.87393439e-02  3.17742961e-02\n",
            "   4.42557428e-02  1.66349121e-01 -4.79719601e-02  8.37222715e-02\n",
            "   8.26242515e-02  1.00004224e+00 -6.47955430e-03  1.82512130e-01\n",
            "   1.40710779e-01  6.95125858e-02  6.72802454e-02  2.72756344e-02\n",
            "   5.73380730e-02  1.04873311e-01  3.50437754e-01  2.51334005e-02\n",
            "  -9.54231810e-02 -1.59096129e-01 -9.78417342e-02  8.27445178e-02\n",
            "   1.06649396e-01  1.65701209e-01]\n",
            " [ 9.70272164e-02  1.41485992e-01  1.60672627e-01  9.62359883e-02\n",
            "  -5.38256932e-02  1.20305387e-01  5.99786816e-02  9.27133411e-02\n",
            "   9.92381130e-03  1.77070754e-01  7.65234985e-02  1.89292124e-01\n",
            "   1.49173456e-01 -6.47955430e-03  1.00004224e+00  3.95800108e-01\n",
            "   5.50479871e-01  2.11023773e-01  2.52713859e-01  1.45912439e-01\n",
            "   2.84569490e-01  2.29693752e-02 -1.01879305e-01 -3.00722225e-01\n",
            "   3.76249097e-01 -3.35853729e-02 -8.78930203e-02  1.01832251e-02\n",
            "   1.61156570e-01  8.29347882e-02]\n",
            " [ 1.66188951e-01  2.09885202e-01  2.58542278e-01  2.15237735e-01\n",
            "  -7.48594810e-02  2.92932397e-02 -7.09423057e-03  2.27111608e-01\n",
            "   7.17995480e-02  6.05699585e-01  8.03377125e-02  3.08563998e-01\n",
            "   2.39544965e-01  1.82512130e-01  3.95800108e-01  1.00004224e+00\n",
            "   8.85225118e-01  1.32678280e-01  1.76024617e-01  2.98995898e-01\n",
            "   2.04153367e-01 -1.38399055e-02  1.94202901e-01  6.04824771e-02\n",
            "   3.81364383e-01 -1.39017063e-01 -6.98975769e-02  2.18659990e-01\n",
            "   8.81641239e-02  8.18144668e-01]\n",
            " [ 1.77666216e-01  2.28261080e-01  2.74903697e-01  2.08884785e-01\n",
            "  -1.29318689e-01  5.82336599e-02  2.78818570e-02  2.57215554e-01\n",
            "   4.30004875e-02  5.55001364e-01  1.30257200e-01  3.35368344e-01\n",
            "   2.63144039e-01  1.40710779e-01  5.50479871e-01  8.85225118e-01\n",
            "   1.00004224e+00  1.58601804e-01  2.06420563e-01  3.46128726e-01\n",
            "   2.94630299e-01 -1.46848076e-02  1.74814209e-01 -1.44475192e-02\n",
            "   5.19792981e-01 -1.61142835e-01 -6.62566473e-02  1.90401447e-01\n",
            "   1.10813339e-01  8.71649079e-01]\n",
            " [ 7.58854630e-02  8.76673455e-02  9.11933533e-02  6.59414261e-02\n",
            "   4.47186696e-02  4.83541699e-03 -3.10659120e-03 -5.27062903e-03\n",
            "   1.22610443e-02  8.38272374e-02  1.25970502e-03  9.80101306e-02\n",
            "   6.21720686e-02  6.95125858e-02  2.11023773e-01  1.32678280e-01\n",
            "   1.58601804e-01  1.00004224e+00  4.55212472e-01  1.95410922e-02\n",
            "   1.74652844e-01  8.50918603e-02 -3.17359228e-03 -1.56713387e-01\n",
            "   9.08525056e-02 -9.33861183e-02 -1.18942848e-01 -9.16761599e-03\n",
            "   1.62643143e-01  6.59520924e-02]\n",
            " [ 7.41856246e-02  1.02622472e-01  1.24960381e-01  8.51588314e-02\n",
            "   2.02791978e-02  5.44185278e-02  4.84829251e-02  1.83862171e-02\n",
            "   2.11210164e-02  1.35009501e-01  3.92833516e-02  1.24542706e-01\n",
            "   1.11728985e-01  6.72802454e-02  2.52713859e-01  1.76024617e-01\n",
            "   2.06420563e-01  4.55212472e-01  1.00004224e+00  4.97282141e-02\n",
            "   1.68079590e-01  2.79435886e-02 -3.13818683e-02 -6.75958276e-02\n",
            "   1.46028747e-01 -3.27623048e-02 -8.00551148e-02 -6.80395232e-03\n",
            "   1.19562682e-01  1.00429005e-01]\n",
            " [ 1.64467823e-01  1.80584745e-01  2.13287372e-01  1.45517273e-01\n",
            "  -2.29809213e-01  4.10836071e-02  3.22962188e-02  2.93764216e-01\n",
            "   3.16221540e-02  3.08539071e-01  1.91241518e-01  2.41552008e-01\n",
            "   2.47748160e-01  2.72756344e-02  1.45912439e-01  2.98995898e-01\n",
            "   3.46128726e-01  1.95410922e-02  4.97282141e-02  1.00004224e+00\n",
            "   2.16876565e-01 -5.03445262e-02  1.99099648e-01  1.92918852e-02\n",
            "   4.92479076e-01 -1.38547609e-01  6.33055782e-02  7.42981175e-02\n",
            "   2.90204252e-03  3.23469569e-01]\n",
            " [ 1.85425807e-01  2.14040983e-01  2.12159751e-01  1.67302459e-01\n",
            "  -1.62315724e-01 -1.91651102e-02 -1.25104659e-02  1.26485806e-01\n",
            "   2.38406950e-02  1.62241369e-01  1.33524351e-01  2.17650280e-01\n",
            "   2.24803002e-01  5.73380730e-02  2.84569490e-01  2.04153367e-01\n",
            "   2.94630299e-01  1.74652844e-01  1.68079590e-01  2.16876565e-01\n",
            "   1.00004224e+00  9.00183578e-02  1.25189842e-01 -1.42934993e-01\n",
            "   4.03050776e-01 -2.05451825e-01 -8.40375003e-02  8.80725517e-03\n",
            "   2.05237542e-01  1.83707337e-01]\n",
            " [ 3.85613531e-02  3.43339610e-02  1.52558934e-03  3.45541517e-02\n",
            "   4.30030780e-02 -1.01927478e-01 -7.83107525e-02 -4.87811554e-02\n",
            "  -1.37029093e-03 -4.07171031e-02 -7.98829477e-02 -2.16744502e-02\n",
            "  -2.89564497e-02  1.04873311e-01  2.29693752e-02 -1.38399055e-02\n",
            "  -1.46848076e-02  8.50918603e-02  2.79435886e-02 -5.03445262e-02\n",
            "   9.00183578e-02  1.00004224e+00  6.01639455e-02 -1.38561532e-01\n",
            "  -1.41981439e-01 -1.38893003e-01 -1.20794001e-01  1.60211072e-02\n",
            "   8.22362015e-01 -3.34528457e-02]\n",
            " [ 2.33132414e-01  2.07677428e-01  2.51819390e-01  2.38593344e-01\n",
            "  -1.05547659e-01 -1.55589090e-01 -1.05494032e-01  1.73421064e-01\n",
            "   5.75673842e-02  1.91427583e-01  5.11318502e-02  1.31409327e-01\n",
            "   1.70579525e-01  3.50437754e-01 -1.01879305e-01  1.94202901e-01\n",
            "   1.74814209e-01 -3.17359228e-03 -3.13818683e-02  1.99099648e-01\n",
            "   1.25189842e-01  6.01639455e-02  1.00004224e+00  4.09366100e-02\n",
            "   1.03723069e-01 -2.67112626e-01 -6.89465904e-02  9.27749948e-02\n",
            "   3.64154127e-02  2.58403944e-01]\n",
            " [ 6.50408902e-02  6.69779809e-02  1.04381125e-01  9.23406715e-02\n",
            "   9.94544802e-04 -2.46830837e-02  3.42628543e-03 -1.32079836e-02\n",
            "   1.94273897e-02  8.61887474e-02  1.59902595e-02  4.93432564e-02\n",
            "   7.34053066e-02  2.51334005e-02 -3.00722225e-01  6.04824771e-02\n",
            "  -1.44475192e-02 -1.56713387e-01 -6.75958276e-02  1.92918852e-02\n",
            "  -1.42934993e-01 -1.38561532e-01  4.09366100e-02  1.00004224e+00\n",
            "   1.58780105e-02  2.00801327e-02  3.74019700e-02 -4.10309752e-03\n",
            "  -1.49005875e-01  1.66127444e-01]\n",
            " [ 1.88110646e-01  2.33675641e-01  2.80619911e-01  1.62599697e-01\n",
            "  -3.65211638e-01  1.49376827e-01  1.28218336e-01  3.30166356e-01\n",
            "  -3.22867404e-02  3.03316353e-01  3.16166070e-01  3.60577156e-01\n",
            "   2.93932408e-01 -9.54231810e-02  3.76249097e-01  3.81364383e-01\n",
            "   5.19792981e-01  9.08525056e-02  1.46028747e-01  4.92479076e-01\n",
            "   4.03050776e-01 -1.41981439e-01  1.03723069e-01  1.58780105e-02\n",
            "   1.00004224e+00 -2.42937218e-01  2.11470252e-02  7.21847391e-03\n",
            "   1.16059834e-02  4.04909546e-01]\n",
            " [-1.45362112e-01 -1.12981126e-01 -1.13219035e-01 -1.16377876e-01\n",
            "   1.20691010e-01  2.44242577e-01  1.51177802e-01 -1.14379678e-01\n",
            "   1.43734788e-02 -4.87817378e-02 -9.73318597e-03 -1.27547326e-01\n",
            "  -6.13639513e-02 -1.59096129e-01 -3.35853729e-02 -1.39017063e-01\n",
            "  -1.61142835e-01 -9.33861183e-02 -3.27623048e-02 -1.38547609e-01\n",
            "  -2.05451825e-01 -1.38893003e-01 -2.67112626e-01  2.00801327e-02\n",
            "  -2.42937218e-01  1.00004224e+00  2.04084450e-01 -1.86844566e-02\n",
            "  -1.18549840e-01 -1.77304648e-01]\n",
            " [-7.13345135e-02 -5.31370788e-02 -4.32668775e-02 -5.94704870e-02\n",
            "  -5.98623975e-02  1.62905438e-01  1.10098342e-01  4.49052127e-02\n",
            "   3.22743795e-02  1.16592450e-02  6.97495840e-02 -4.06451557e-02\n",
            "   3.89657830e-02 -9.78417342e-02 -8.78930203e-02 -6.98975769e-02\n",
            "  -6.62566473e-02 -1.18942848e-01 -8.00551148e-02  6.33055782e-02\n",
            "  -8.40375003e-02 -1.20794001e-01 -6.89465904e-02  3.74019700e-02\n",
            "   2.11470252e-02  2.04084450e-01  1.00004224e+00  5.04950478e-03\n",
            "  -1.50369194e-01 -3.13046467e-02]\n",
            " [ 3.45490159e-02  3.84993298e-02  3.67096700e-02  4.64042063e-02\n",
            "  -1.47205699e-02 -2.21305325e-02 -2.31621151e-02  1.10454998e-01\n",
            "   2.60816465e-02  1.53418714e-01  1.76555529e-02  5.72499348e-02\n",
            "   4.81449704e-02  8.27445178e-02  1.01832251e-02  2.18659990e-01\n",
            "   1.90401447e-01 -9.16761599e-03 -6.80395232e-03  7.42981175e-02\n",
            "   8.80725517e-03  1.60211072e-02  9.27749948e-02 -4.10309752e-03\n",
            "   7.21847391e-03 -1.86844566e-02  5.04950478e-03  1.00004224e+00\n",
            "  -6.89802860e-03  2.10527840e-01]\n",
            " [ 1.03985412e-01  1.25669438e-01  1.12593691e-01  1.02923521e-01\n",
            "   2.92512553e-02 -3.69611619e-02 -4.13817731e-02 -2.28801501e-02\n",
            "  -1.93830904e-03  3.82828626e-02 -4.04714940e-02  6.99450987e-02\n",
            "   4.37684766e-02  1.06649396e-01  1.61156570e-01  8.81641239e-02\n",
            "   1.10813339e-01  1.62643143e-01  1.19562682e-01  2.90204252e-03\n",
            "   2.05237542e-01  8.22362015e-01  3.64154127e-02 -1.49005875e-01\n",
            "   1.16059834e-02 -1.18549840e-01 -1.50369194e-01 -6.89802860e-03\n",
            "   1.00004224e+00  3.71788917e-02]\n",
            " [ 1.56933345e-01  1.91222221e-01  2.36248187e-01  1.93670871e-01\n",
            "  -1.23545140e-01 -1.95807125e-03 -2.75573224e-03  2.48965379e-01\n",
            "   4.51160526e-02  5.46600941e-01  1.10665465e-01  2.88259001e-01\n",
            "   2.25174408e-01  1.65701209e-01  8.29347882e-02  8.18144668e-01\n",
            "   8.71649079e-01  6.59520924e-02  1.00429005e-01  3.23469569e-01\n",
            "   1.83707337e-01 -3.34528457e-02  2.58403944e-01  1.66127444e-01\n",
            "   4.04909546e-01 -1.77304648e-01 -3.13046467e-02  2.10527840e-01\n",
            "   3.71788917e-02  1.00004224e+00]]\n"
          ]
        }
      ]
    },
    {
      "cell_type": "code",
      "source": [
        "#Calculamos los autovalores y autovectores de la matriz y los mostramos\n",
        "\n",
        "cov_mat = np.cov(X_std.T)\n",
        "\n",
        "eig_vals, eig_vecs = np.linalg.eig(cov_mat)\n",
        "\n",
        "print('Eigenvectors \\n%s' %eig_vecs)\n",
        "print('\\nEigenvalues \\n%s' %eig_vals)"
      ],
      "metadata": {
        "colab": {
          "base_uri": "https://localhost:8080/"
        },
        "id": "4dDdZ00TPeT7",
        "outputId": "f3d147a9-1d73-4890-f45c-abd6d55e9553"
      },
      "execution_count": null,
      "outputs": [
        {
          "output_type": "stream",
          "name": "stdout",
          "text": [
            "Eigenvectors \n",
            "[[ 1.93949680e-01 -2.26606820e-01  2.40911535e-01 -1.85958444e-01\n",
            "  -1.26109311e-01  1.40651488e-02  7.76182597e-04  3.20896091e-03\n",
            "   1.95841394e-04 -1.14845607e-01 -5.49164823e-02 -8.86617614e-02\n",
            "  -1.68437581e-02 -3.50295702e-02 -6.78115057e-02 -1.69401456e-01\n",
            "  -2.10120161e-02  1.73997822e-02  1.51432916e-01 -1.90372067e-01\n",
            "  -4.83791450e-02 -1.90568422e-02  2.53936944e-01 -1.93711868e-01\n",
            "   7.37613742e-01 -1.38699583e-01  7.26072164e-03  7.00394027e-02\n",
            "   1.02027971e-01 -1.09605872e-02]\n",
            " [ 2.20230685e-01 -1.95958976e-01  2.17217522e-01 -2.28844032e-01\n",
            "  -1.71933690e-01 -3.97072633e-02  7.07080465e-04  6.97376268e-03\n",
            "  -1.18053815e-02 -1.06383409e-01 -7.03233277e-02 -4.64422859e-02\n",
            "  -2.96467669e-02 -1.28558916e-02 -8.14870306e-02 -5.66345435e-01\n",
            "   2.20794055e-03  1.40755424e-02 -6.30517423e-02  4.89085057e-02\n",
            "   1.14973380e-01 -1.29831166e-01  1.47936375e-01 -2.66169581e-01\n",
            "  -5.23507019e-01  7.07891478e-03  1.16747434e-01 -7.10003949e-02\n",
            "  -3.04042480e-02 -1.10841363e-01]\n",
            " [ 2.41960272e-01 -1.76222241e-01  2.31941746e-01 -2.11253755e-01\n",
            "  -1.87839983e-01 -2.19566056e-02  1.54521112e-03 -5.92707277e-04\n",
            "  -4.36237592e-02 -1.13778101e-01 -2.62761527e-02 -4.95521120e-02\n",
            "   9.08655531e-02 -3.80346565e-02 -4.37896961e-02  7.56659274e-01\n",
            "   1.75122810e-02 -3.25083562e-02  9.75458708e-02 -9.08887118e-02\n",
            "   3.66499494e-03  1.04347020e-01  1.37110847e-01 -1.48728721e-01\n",
            "  -2.80226221e-01 -1.42258778e-01  1.26859384e-02 -1.68984067e-02\n",
            "  -3.88815936e-02 -4.87388954e-02]\n",
            " [ 1.99667286e-01 -2.13399728e-01  2.34842959e-01 -1.22717579e-01\n",
            "  -1.93793214e-01 -6.37836531e-03  1.01309844e-03 -8.60615825e-03\n",
            "  -6.20012906e-03 -9.30427761e-02 -1.81690144e-02 -9.38855141e-02\n",
            "  -2.02680975e-02 -7.14352601e-02  5.46030566e-03 -6.00117233e-02\n",
            "  -5.57258348e-03 -1.06229639e-02  2.34481986e-01 -9.60003926e-02\n",
            "  -1.76802082e-01 -9.86060813e-02 -4.47102330e-01  5.39405093e-01\n",
            "  -3.77991633e-02  3.63726694e-01 -4.48038420e-02  1.23076332e-01\n",
            "   2.37816583e-02  1.79156991e-01]\n",
            " [-1.12272797e-01 -6.66718698e-02 -1.20486385e-01  1.60457043e-01\n",
            "  -4.12445739e-01 -2.10226402e-03  4.60203661e-04  1.30011295e-02\n",
            "  -2.96860237e-02  2.26265895e-02  2.17761610e-01 -2.19905526e-01\n",
            "  -2.10742040e-01  2.37769720e-01 -7.02538087e-03  2.17209929e-02\n",
